camera0:

  rotation: [0.015453,0.010533,-0.999825,0.863324,-0.504586,0.008027,0.504413,0.863297,0.016891]
  translation: [-0.098300,-0.024300,0.024600]
  intrisics: [424.256690,0.,239.5,0.,407.246190,319.5,0.,0.,1.]
  distortion: [-0.295620,0.082190,0.000540,-0.011990,0.000000]


    
    